3550 0001200000
3560 0000000000
3570 0101120000
3580 1111001111
3590 1000000101
3600 1110013030
3610 1011031100
3620 1000000001
3630 1100113111
3640 1000000010
3650 0300110110
3660 0000000030
3670 1130332111
3680 1111111111
3690 1111111111
3700 1111111111
3710 1111111111
3720 1111111111
3730 1111111111
3740 1111111111
3750 2030003131
3760 3333310001
3770 1000000033
3780 0000000011
3790 0111121113
3800 0111010123
3810 0010113133
3820 3333330333
3830 3000001111
3840 1030323033
3850 0331030101
3860 0001131111
3870 1331113101
3880 0100313000
3890 0300003000
3900 0031101113
3910 1010113330
3920 0311333033
3930 0003000000
3940 0313331001
3950 0000013011
3960 3000033301
3970 0000000030
3980 0111133111
3990 1121111003
4000 3333131311
4010 1311311111
4020 1111130333
4030 3031100110
4040 1311211312
4050 2130310333
4060 1100110011
4070 1110111000
4080 0100000200
4090 0000000301
4100 1001300010
4110 0111113013
4120 0033130231
4130 3110110021
4140 1313111001
4150 3113133331
4160 1133310311
4170 3300200101
4180 0000001100
4190 0111111331
4200 2300031111
4210 1111111110
4220 0311100133
4230 0331100000
4240 0000030011
4250 0011111111
4260 11111111
