1101101000
1010111111
1101101110
1310030112
1111030100
0031312220
0000210311
3213102013
1100333000
0300000333
1000000121
1301300000
1100000011
1111111011
0312100000
0012113333
3333000011
1111111111
1111102100
0031133230
3011111333
3333000223
3333011000
3100011000
0010003010
0131121320
1300033310
0110311111
0013003131
0013010000
0030001110
1100130133
0113100000
1013111231
1110100010
0131300201
2333113001
1033122011
1111211120
1010001021
1111023022
2111011101
1310000003
1111111111
0310111121
3031110000
1101013131
1031103011
0033001033
0000000111
0130000100
0131111101
0113301111
3311100103
3101130101
2310011330
3313111023
0010011310
1111111113
1301313013
1131111113
1111001011
1111011001
1131111133
3010000000
1010131100
1301103100
1011311022
2203110030
0330131000
0000013211
2223130111
0113111110
0001322311
1101111122
1000031110
0111313113
1103110100
3211133000
2000021220
1021301331
1111101111
1111130310
1100031331
1100100101
3113110230
0110003130
0310003010
0100330110
0330011100
0310330111
1100301130
0130110133
0111131313
1111001133
3111131133
1000112300
0131111101
1011310011
1213113313
0311130030
3011113302
2233131123
0011230110
0303100100
0000023100
0100311200
3313110301
0010311031
1311010130
1011010310
2113013013
3111111111
1310110103
1001111110
1321110110
100110
1310100111
1200301031
0311333113
3313331311
1130110100
0010111121
3111331111
3311031110
0003
1303100210
1303331110
1310303311
0000131130
0311111330
3111000311
3300000131
1333111110
1133103013
0113113110
0133011113
1211310110
3300130310
1200003000
0030332311
2311113111
0001121131
0311111111
3333011330
0033331113
3111110113
3100133131
3113111330
1111100130
1111211113
3111131310
0121113100
0010010002
1110111111
1111111131
0101230011
3101133333
3333133333
3333133300
0110311000
3103221031
1011111111
1110030300
3303033000
0003110100
3000000001
3100220100
3231110100
0133111330
3301101211
1111131011
3010210013
2100111113
3121313110
0103012110
1011000333
3310010111
1111111311
3013020011
1210033013
1110300000
0101010111
3003310311
1111131001
1301112111
0011111101
1113003030
1000010330
0303333302
0013231111
1011000031
1103111333
3100033320
1301111303
3112010000
3131101201
3001031000
1133102101
1111113001
1000310130
2310001111
3301033111
2232111113
1000101103
0121100112
1020002300
0000013111
1101131000
1103110110
1011303311
0000322131
1033331110
1111000031
1110000101
1311333000
0130010030
1110003003
1311110131
3313033130
0111100111
3020101011
2013331111
0331001103
3110111231
1111132000
1301333021
1001331310
0130113232
2011011303
3111111000
3000300021
1121130112
2001130011
0002231111
0111111001
1103112112
0113111111
3100101111
0001100001
0300231030
0001313100
3310330131
0100000301
0330233333
3333333333
3330130133
3333333333
3333301333
3333333330
3330333003
1333330003
0000033000
0331110033
3333333013
3011110111
1110211211
1111331310
0030310101
1110331223
0000002222
2222222222
2222222222
2222222220
3333210011
1122311111
1111100011
1101033200
0323210131
2003012111
1110111111
1111011111
1013301013
3133133033
0001222213
0001003313
3311111111
1311113333
3133330310
0001100022
2222222222
3300003100
0003000000
0000000000
0001001130
1011011111
1011011101
1101231111
1111301100
0303111131
1113030111
0131110001
1111111111
1111111111
1011110030
3300033300
0010030100
1111101111
1100010001
0312331331
1100111300
1113100133
3110111100
3301100113
1101000100
0033330100
0003030300
3013103102
2023200111
2121101110
1101011021
0013010001
0010331322
1231013111
0131310330
00031010
0003333300
0000003200
0000300000
0020300022
2012203220
0000120303
3202130000
0111111113
1112010233
3231211111
1311121011
1110231033
3330100111
0111111113
2110101210
1111111111
3221111132
0033332011
0111311313
0110310001
0031001111
0311333111
3311100210
0330111013
1333310333
0111110101
1333313111
3311310131
0000120003
1310003330
0011001011
0233103331
1033010010
3300301112
3100111113
1110001311
1102110111
3000110131
0110101110
2012031111
1000213013
2031233332
3313311033
0333330030
0300000103
1000000000
0020001000
0100100103
0000300000
0030000003
3000001000
0010111001
0011010122
2100111100
1111210011
1111331031
2111031100
0110303002
0031002000
0103000203
3111110113
3231111110
3111103111
1111111111
1110011103
0102033313
0000001000
1111100111
1111110101
3010001101
1111111111
1111111010
1110111010
1001000011
0010100101
0000000000
0000001300
0020000030
0000003303
3000033000
0000000311
1000303002
0000001303
3030001011
0111211133
1110131301
0110303300
0000310300
0000033331
1011113101
3111333333
3031333333
3303333333
3330033333
3333333333
3311000011
3331001000
1333130100
0331310000
3000100033
3000000333
3303133011
0330101310
3303333333
3333333300
0030303001
0331111000
0001003000
0113333330
0000000000
0000003000
1000000000
