0010131101
1111233311
2103101000
3122211131
0010031313
1103002111
0013011031
0111313020
3011111333
3111112223
0100003001
1011103301
0111100311
3331201110
0003111103
3311333011
3330120133
3101110033
0111311332
0111031303
2311313011
1010301130
3111111111
1111111111
1100331111
0321133001
0031331300
1031000100
0111101000
0000031113
0031103110
0013300303
3330101302
1010001101
1113012111
1111131311
1031121111
1111211111
1111111103
3033130300
0303000111
1111000111
0110111133
1210113111
3031111112
0220302211
1111332110
3332221113
0323312133
0222311111
1231111011
1111011101
3000110031
1001101111
1111000000
1033323333
3133311311
3303113100
1300033003
3331101000
000000
1111111111
0003011001
0111001001
1330330300
0033333333
3333312313
2311111330
0131100011
1023011210
1031211101
3111111111
1121211133
1131331031
1230031300
0000323013
3123113113
1201100330
1003031133
1130000003
2301130030
3313100001
3231310311
1111001011
1110111123
1311013331
3333130122
0002120022
3311111113
0111113233
0110
1000322001
1012311122
3300031020
0331303311
1111030000
1010100131
1000133002
3011001000
1303013100
1013103012
2013202113
3111010011
0101111111
1303111330
1031102312
3213333311
1111000000
1112231123
0033131110
3111111111
1111111131
1011231011
0101101110
000
