0000030030
1231030333
2001333333
3333311100
0000111003
1131120202
2000020201
1001000001
3001112121
1011011310
3111100033
1311111111
0133111113
1000000100
3311100320
0331333301
3310311111
0311201010
2211130100
1201011113
1111322100
2001111101
1111113133
2332331021
3111313102
1131101030
1330111110
3033011330
1201031012
1111111103
1333302010
0031101311
2011111010
0013010111
1213313011
1111133133
2111103211
1101111121
1103333111
1333013301
0000111220
3332123001
1011032033
2333301120
1123311111
1111113330
0313311110
3033100300
0221130223
3222110133
1033310131
1103111111
1111113303
1331301332
3111033331
1001130111
1133001113
3113312213
1102311311
0021302012
1133101203
0330031301
1111311131
0130013030
1103113010
0331131111
0001100330
3111300000
0033303111
0310312001
3101131310
1030000100
0111333011
1111103213
0111111111
2033333323
1001301033
2111300111
3211130231
3103033133
1103211111
0011110023
1110013301
1103211133
1113031101
1101010100
1330111100
0133100010
0000000013
0102333300
1000200300
0020203333
3131301231
1310013110
3111310313
1111131301
3012231003
3120321311
3301110011
1133101110
1113120100
2301111300
1133031331
0111311301
1111110302
1111131110
1101001301
0110100111
1103011301
1103311103
1213111112
3032010110
0312123010
1033
